{
  "height": 46,
  "width": 141,
  "x": 412.84375,
  "y": 596.765625
}